time,x,y,vx,vy,psi1,psi2,psi3,delta_psi1,delta_psi2,delta_psi3,radius
0.104791,-0.004615,0.002308,-0.000769,-0.000000,2.000000,2.000000,2.000000,2.000000,2.000000,2.000000,0.005160
0.207716,-0.002308,0.002308,-0.002307,-0.000000,3.039308,4.000000,3.227809,1.039308,2.000000,1.227809,0.003264
0.309313,0.000769,0.000769,-0.003846,-0.000769,2.825896,3.495998,2.599846,-0.213412,-0.504002,-0.627963,0.001088
0.411131,0.004615,0.000769,-0.003077,-0.000000,3.322793,3.497343,3.124748,0.496897,0.001344,0.524902,0.004679
0.513126,0.007692,0.000000,-0.003077,-0.000769,3.218951,3.801659,3.290677,-0.103842,0.304317,0.165929,0.007692
0.614713,0.008461,0.000000,-0.000769,-0.000000,3.243160,3.559465,3.286330,0.024210,-0.242194,-0.004347,0.008461
0.716396,0.008461,0.000000,0.000000,-0.000000,3.346808,3.675136,3.186870,0.103648,0.115671,-0.099460,0.008461
0.817984,0.007692,0.000000,0.000769,-0.000000,3.272621,3.699431,3.328335,-0.074188,0.024295,0.141464,0.007692
0.920085,0.008461,0.000000,-0.000769,-0.000769,3.326085,3.720551,3.508358,0.053464,0.021120,0.180023,0.008461
1.023230,0.010000,0.000000,-0.000769,-0.000000,3.419102,3.676065,3.434130,0.093018,-0.044486,-0.074227,0.010000
1.125361,0.009231,-0.000769,0.000000,-0.001538,3.432092,3.665138,3.314375,0.012990,-0.010927,-0.119756,0.009263
1.228286,0.009231,-0.003846,0.000000,-0.002307,3.356253,3.545371,3.622722,-0.075839,-0.119767,0.308347,0.010000
1.330335,0.007692,-0.005385,0.000769,-0.001538,3.357312,3.607751,3.836615,0.001059,0.062380,0.213893,0.009390
1.431386,0.006154,-0.006154,0.000769,-0.000000,3.365838,3.597294,3.646667,0.008526,-0.010457,-0.189948,0.008703
1.533927,0.004615,-0.005385,0.000769,0.000769,3.485263,3.567158,3.398221,0.119425,-0.030136,-0.248446,0.007092
1.635789,0.003077,-0.003846,0.000769,0.000769,3.193761,3.755566,3.356621,-0.291502,0.188408,-0.041600,0.004925
1.739073,0.001538,-0.001538,0.000769,0.002307,3.343646,3.585851,3.282914,0.149885,-0.169714,-0.073707,0.002176
1.840661,-0.000000,0.000000,0.000769,0.001538,3.219757,3.931737,3.025404,-0.123889,0.345886,-0.257510,0.000000
1.942662,-0.000769,0.003077,0.000769,0.003076,3.189767,3.763487,3.079746,-0.029990,-0.168250,0.054342,0.003172
2.044227,-0.002308,0.007692,0.000769,0.003846,3.204210,3.973539,3.012199,0.014443,0.210052,-0.067548,0.008031
2.146227,-0.002308,0.011538,0.000000,0.003076,3.320511,4.020306,2.909561,0.116301,0.046766,-0.102638,0.011767
2.247551,-0.002308,0.015385,0.000000,0.003846,3.385909,3.903226,3.102511,0.065398,-0.117079,0.192950,0.015557
2.350089,-0.003846,0.019231,0.000769,0.003076,3.301674,4.166745,3.129874,-0.084235,0.263519,0.027363,0.019612
2.452305,-0.002308,0.022308,-0.001538,0.003076,3.544542,3.948289,3.098858,0.242868,-0.218457,-0.031016,0.022427
2.553643,-0.001538,0.025384,0.000000,0.003076,3.408653,4.113459,3.306435,-0.135889,0.165170,0.207577,0.025431
2.655757,-0.000000,0.029231,-0.000769,0.003846,3.576931,4.043939,3.068391,0.168278,-0.069520,-0.238044,0.029231
2.757638,0.000769,0.031538,-0.000769,0.002307,3.484669,4.152766,3.109778,-0.092262,0.108828,0.041387,0.031548
2.859306,0.003077,0.035384,-0.002307,0.003846,3.725540,4.053307,3.105297,0.240870,-0.099460,-0.004481,0.035518
2.961337,0.006154,0.039231,-0.002307,0.003076,3.622807,4.322961,3.292041,-0.102733,0.269655,0.186744,0.039710
3.063845,0.007692,0.040769,-0.001538,0.001538,4.093869,4.517636,2.779665,0.471062,0.194675,-0.512376,0.041488
3.165525,0.010769,0.043077,-0.002307,0.001538,4.440945,4.385232,3.484741,0.347076,-0.132404,0.705076,0.044402
3.267108,0.013846,0.044615,-0.002307,0.001538,4.690756,4.268803,4.063705,0.249811,-0.116430,0.578964,0.046714
3.369716,0.015385,0.044615,-0.001538,-0.000000,4.743692,3.738429,2.835091,0.052937,-0.530374,-1.228615,0.047193
3.471023,0.017692,0.044615,-0.001538,-0.000000,4.364573,5.299947,4.835091,-0.379119,1.561518,2.000000,0.047995
3.573108,0.019231,0.043846,-0.001538,-0.000769,3.145553,4.903577,2.835091,-1.219020,-0.396370,-2.000000,0.047878
3.674151,0.018461,0.043846,0.000000,-0.000000,5.145553,4.303892,3.497255,2.000000,-0.599685,0.662164,0.047574
3.776490,0.018461,0.041538,0.000000,-0.001538,3.792954,5.833904,3.889927,-1.352599,1.530012,0.392672,0.045456
3.878820,0.018461,0.038461,0.000000,-0.002307,4.893747,5.491059,2.571877,1.100793,-0.342845,-1.318051,0.042663
3.981100,0.020000,0.036923,-0.001538,-0.001538,5.652645,3.491059,3.602783,0.758898,-2.000000,1.030906,0.041992
4.083021,0.020769,0.033077,0.000000,-0.003077,3.652645,4.289344,4.069880,-2.000000,0.798285,0.467098,0.039057
4.184864,0.022308,0.027692,-0.000769,-0.005384,4.251250,5.488662,2.569794,0.598605,1.199318,-1.500087,0.035560
4.287648,0.022308,0.023846,0.000000,-0.003077,5.480403,3.488662,3.122248,1.229153,-2.000000,0.552454,0.032654
4.389733,0.021538,0.016923,0.000769,-0.006153,3.480403,5.052695,4.815203,-2.000000,1.564033,1.692956,0.027391
4.492335,0.021538,0.011538,0.000000,-0.004615,4.144359,5.959676,5.406384,0.663956,0.906980,0.591180,0.024434
4.593920,0.021538,0.006154,0.000000,-0.005384,5.272669,3.959676,3.406384,1.128310,-2.000000,-2.000000,0.022400
4.695570,0.020000,0.000000,0.000769,-0.005384,3.990409,3.500509,4.166910,-1.282259,-0.459167,0.760527,0.020000
4.798631,0.020000,-0.004615,0.000000,-0.004615,3.600147,5.296137,4.196053,-0.390263,1.795628,0.029142,0.020526
4.900258,0.018461,-0.007692,0.000769,-0.003077,4.880372,3.296137,4.456022,1.280225,-2.000000,0.259969,0.020000
5.001738,0.016923,-0.010000,0.000769,-0.001538,4.821341,3.950373,3.975798,-0.059030,0.654236,-0.480224,0.019657
5.103649,0.015385,-0.012308,0.000769,-0.001538,3.888675,3.816329,4.111398,-0.932666,-0.134044,0.135600,0.019702
5.205685,0.013846,-0.012308,0.000769,-0.000000,3.516064,4.323694,3.947598,-0.372611,0.507365,-0.163799,0.018525
5.308186,0.012308,-0.011538,0.000769,0.000769,3.632954,3.563033,4.424940,0.116890,-0.760661,0.477342,0.016870
5.410938,0.010769,-0.009231,0.000769,0.002307,3.312580,4.253983,3.546194,-0.320374,0.690949,-0.878746,0.014184
5.513483,0.008461,-0.005385,0.002308,0.003846,3.796485,3.723263,3.752078,0.483905,-0.530720,0.205884,0.010029
5.614736,0.007692,-0.000769,0.000769,0.003846,3.284124,3.882479,3.050617,-0.512361,0.159216,-0.701461,0.007731
5.717158,0.008461,0.005385,-0.000769,0.006153,3.402268,3.878084,3.001440,0.118144,-0.004395,-0.049177,0.010029
5.819325,0.008461,0.011538,0.000000,0.006153,3.252276,4.180746,2.721849,-0.149992,0.302662,-0.279591,0.014308
5.921322,0.008461,0.018461,0.000000,0.006922,3.628549,4.385253,2.709956,0.376272,0.204507,-0.011893,0.020308
6.023113,0.010769,0.025384,-0.001538,0.006153,3.675753,4.430602,2.906574,0.047204,0.045349,0.196618,0.027574
6.125134,0.013077,0.030769,-0.001538,0.004615,3.697380,4.366256,2.869655,0.021627,-0.064346,-0.036919,0.033433
6.228363,0.015385,0.035384,-0.002307,0.004615,3.808805,4.269363,3.095307,0.111424,-0.096892,0.225652,0.038584
6.331171,0.018461,0.039231,-0.002307,0.003076,3.883430,4.224054,3.213854,0.074625,-0.045309,0.118547,0.043357
6.433142,0.021538,0.042307,-0.002307,0.003076,4.501400,4.220979,3.353469,0.617970,-0.003075,0.139615,0.047474
6.534872,0.025384,0.046154,-0.003846,0.003846,5.005587,4.686741,5.353469,0.504187,0.465762,2.000000,0.052674
6.636537,0.029231,0.048461,-0.003077,0.002307,4.101566,2.686741,3.353469,-0.904021,-2.000000,-2.000000,0.056594
6.738589,0.030769,0.051538,-0.001538,0.002307,4.152780,4.686741,5.353469,0.051214,2.000000,2.000000,0.060024
6.840043,0.033077,0.054615,-0.001538,0.002307,2.385351,4.906176,3.353469,-1.767429,0.219435,-2.000000,0.063850
6.942455,0.035384,0.060000,-0.002307,0.004615,4.385351,5.399767,2.377983,2.000000,0.493592,-0.975486,0.069656
7.045015,0.036154,0.064615,-0.000769,0.004615,5.777557,5.681570,2.256936,1.392206,0.281803,-0.121047,0.074042
7.147288,0.038461,0.071538,-0.002307,0.006153,5.454801,4.618467,2.340302,-0.322756,-1.063103,0.083365,0.081222
7.250145,0.043846,0.076923,-0.004615,0.004615,3.454802,5.988036,4.340301,-2.000000,1.369569,2.000000,0.088541
7.352192,0.049230,0.078461,-0.005384,0.001538,5.095838,5.976789,2.340302,1.641036,-0.011247,-2.000000,0.092627
7.453918,0.053077,0.077692,-0.003846,-0.000000,5.937496,5.873994,3.828933,0.841659,-0.102796,1.488631,0.094091
7.556375,0.058461,0.075384,-0.005384,-0.002307,5.943378,5.313635,2.622492,0.005882,-0.560359,-1.206441,0.095397
7.657802,0.066153,0.071538,-0.006922,-0.003846,5.748226,5.438813,4.622492,-0.195152,0.125178,2.000000,0.097437
7.759112,0.072307,0.064615,-0.006153,-0.006153,5.914876,5.166973,2.837484,0.166650,-0.271840,-1.785008,0.096971
7.861207,0.078461,0.055384,-0.006153,-0.009230,5.920188,5.486107,4.837483,0.005312,0.319134,2.000000,0.096039
7.962466,0.083846,0.043846,-0.004615,-0.010768,5.985029,5.953924,3.529876,0.064841,0.467817,-1.307608,0.094618
8.064811,0.088461,0.031538,-0.004615,-0.011537,5.966257,5.690260,3.996462,-0.018772,-0.263664,0.466586,0.093915
8.166642,0.090769,0.018461,-0.002307,-0.013075,5.997059,5.669071,4.930209,0.030802,-0.021189,0.933747,0.092627
8.268430,0.093846,0.004615,-0.002307,-0.013075,5.959427,5.950878,3.542927,-0.037632,0.281807,-1.387282,0.093959
8.370172,0.095384,-0.013846,-0.001538,-0.018459,5.993597,5.658349,2.594461,0.034171,-0.292529,-0.948465,0.096384
8.472474,0.096153,-0.026923,0.000000,-0.013075,5.999940,3.658349,4.594461,0.006342,-2.000000,2.000000,0.099851
8.574062,0.096153,-0.044615,0.000000,-0.017690,5.947208,5.658349,5.950126,-0.052732,2.000000,1.355664,0.106000
8.676255,0.094615,-0.070769,0.001538,-0.025381,5.930426,5.823879,5.244629,-0.016783,0.165530,-0.705497,0.118153
8.778038,0.092307,-0.089230,0.001538,-0.018459,3.930426,5.999926,3.244629,-2.000000,0.176046,-2.000000,0.128385
8.880137,0.087692,-0.107692,0.004615,-0.018459,5.930426,3.999926,5.244629,2.000000,-2.000000,2.000000,0.138879
14.263138,0.039231,0.031538,0.002308,-0.007691,4.048222,4.048222,4.048222,-0.000000,0.000000,0.000000,0.050336
